temperaturen_la <- c(18, 22, 26, 26, 25, 24, 23, 22)
temperaturen_moskau <- c(16, 14, 18, 8, 8, 12, 12, 13)
